133
200
220
255
262
369
375
474
578
1029
1041
1144
1150
1193
1471
1530
1724
1787
1863
1972
2013
2051
2063
2265
2460
2536
2599
2693
2822
2876
2891
2972
3014
3032
3141
3279
3346
3467
3612
3708
3891
3907
3908
4090
4533
4538
4735
4781
4879
4905
5211
5440
5554
5726
5941
5982
6234
6246
6320
6405
6557
6568
6775
6928
6998
7085
7533
7625
7971
8200
8291
8631
8791
8895
8998
9312
9544
9545
9568
9704
9922
9989
10261
13114
16658
28568
32208
45883
55112
55328
56849
61960
63380
78711
81125
81951
82607
83088
90749
98752
